image_width: 1280
image_height: 960
camera_name: raspicam_hd
camera_matrix:
  rows: 3
  cols: 3
  data: [1282.087761, 0, 703.347434, 0, 1284.571376, 533.994698, 0, 0, 1]
distortion_model: plumb_bob
distortion_coefficients:
  rows: 1
  cols: 5
  data: [-0.481049, 0.24212, -0.002531, -0.006124, 0]
rectification_matrix:
  rows: 3
  cols: 3
  data: [1, 0, 0, 0, 1, 0, 0, 0, 1]
projection_matrix:
  rows: 3
  cols: 4
  data: [1110.570801, 0, 713.1627539999999, 0, 0, 1189.046997, 540.851266, 0, 0, 0, 1, 0]
