image_width: 1280
image_height: 960
camera_name: raspicam_hd
camera_matrix:
  rows: 3
  cols: 3
  data: [1227.718126, 0, 641.891697, 0, 1225.758794, 523.811004, 0, 0, 1]
distortion_model: plumb_bob
distortion_coefficients:
  rows: 1
  cols: 5
  data: [-0.5170129999999999, 0.306511, -0.003678, 0.001355, 0]
rectification_matrix:
  rows: 3
  cols: 3
  data: [1, 0, 0, 0, 1, 0, 0, 0, 1]
projection_matrix:
  rows: 3
  cols: 4
  data: [1041.5625, 0, 645.045935, 0, 0, 1121.064575, 529.2350290000001, 0, 0, 0, 1, 0]
