image_width: 1280
image_height: 960
camera_name: narrow_stereo
camera_matrix:
  rows: 3
  cols: 3
  data: [1076.908365, 0.000000, 655.869355, 0.000000, 1078.697580, 441.811478, 0.000000, 0.000000, 1.000000]
distortion_model: plumb_bob
distortion_coefficients:
  rows: 1
  cols: 5
  data: [0.220966, -0.320751, -0.007360, 0.007385, 0.000000]
rectification_matrix:
  rows: 3
  cols: 3
  data: [1.000000, 0.000000, 0.000000, 0.000000, 1.000000, 0.000000, 0.000000, 0.000000, 1.000000]
projection_matrix:
  rows: 3
  cols: 4
  data: [1120.289429, 0.000000, 664.579292, 0.000000, 0.000000, 1124.483032, 435.838570, 0.000000, 0.000000, 0.000000, 1.000000, 0.000000]
